1 1923 1909 1910 1976 2053 1990 1865 1180 1
2 1917 1904 1903 1971 2057 1987 1853 1172 1
3 1923 1910 1908 1971 2061 1986 1858 1117 1
4 1946 1937 1973 2076 2106 2017 1887 1170 -1
5 1954 1945 1983 2088 2117 2027 1897 1138 -1
6 1957 1951 1985 2095 2125 2035 1900 1140 -1
7 1966 1956 1998 2096 2129 2040 1909 1155 -1
8 1966 1956 1990 2107 2133 2039 1911 1144 -1
9 1959 1945 1943 2002 2090 2027 1897 1166 0
10 1971 1958 1957 2014 2107 2045 1915 1141 0
11 1969 1956 1953 2006 2100 2038 1912 1167 0
12 1965 1952 1955 2015 2102 2038 1914 1190 1