1 1811 1796 1790 1784 1837 1905 1782 1246 1
2 1811 1808 1804 1798 1848 1920 1801 1234 1
3 1820 1818 1814 1808 1860 1930 1809 1236 1
4 1821 1820 1817 1810 1863 1932 1813 1251 1
5 1789 1786 1781 1775 1829 1916 1794 1235 1
6 1778 1778 1775 1767 1819 1908 1784 1276 1
7 1818 1810 1806 1801 1855 1922 1801 1222 1
8 1781 1780 1774 1767 1818 1909 1785 1211 1
9 1830 1831 1834 1845 1935 1974 1852 1259 -1
10 1830 1831 1834 1847 1937 1970 1855 1215 -1
11 1834 1834 1837 1850 1943 1978 1859 1217 -1
12 1839 1840 1843 1856 1944 1984 1867 1217 -1
13 1831 1831 1834 1849 1938 1973 1854 1211 -1
14 1807 1811 1819 1842 1922 1943 1818 1217 0
15 1801 1805 1813 1835 1912 1937 1807 1214 0
16 1805 1808 1817 1839 1917 1939 1811 1206 0
17 1815 1818 1825 1851 1935 1953 1824 1217 0
18 1808 1811 1820 1845 1920 1945 1817 1209 0
