1 1789 1786 1781 1775 1829 1916 1794 1235 1
2 1778 1778 1775 1767 1819 1908 1784 1276 1
3 1781 1780 1774 1767 1818 1909 1785 1211 1
4 1807 1811 1819 1842 1922 1943 1818 1217 0
5 1801 1805 1813 1835 1912 1937 1807 1214 0
6 1805 1808 1817 1839 1917 1939 1811 1206 0
7 1815 1818 1825 1851 1935 1953 1824 1217 0
8 1808 1811 1820 1845 1920 1945 1817 1209 0
9 1814 1814 1823 1848 1926 1951 1823 1207 0
10 1781 1778 1771 1762 1814 1901 1773 1316 1
11 1805 1807 1815 1839 1917 1931 1802 1320 0
12 1808 1809 1816 1840 1920 1936 1804 1303 0
13 1809 1812 1819 1841 1919 1938 1807 1316 0
14 1779 1777 1771 1764 1816 1901 1771 1307 1
15 1781 1778 1771 1764 1817 1899 1772 1300 1
16 1782 1780 1774 1765 1820 1905 1778 1302 1
17 1814 1814 1820 1841 1919 1949 1834 1317 0
18 1786 1784 1774 1763 1815 1902 1792 1301 1
19 1818 1823 1810 1798 1850 1909 1796 1287 -1
20 1811 1816 1804 1793 1845 1901 1790 1343 -1
21 1814 1818 1805 1794 1853 1903 1787 1367 -1
