1 1783 1785 1793 1819 1893 1921 1804 1183 0
2 1787 1789 1796 1821 1903 1925 1808 1201 0
3 1783 1784 1791 1811 1892 1920 1805 1202 0
4 1777 1779 1786 1812 1884 1911 1787 1201 0
5 1753 1752 1745 1736 1784 1873 1770 1177 1
6 1762 1759 1753 1743 1792 1885 1785 1192 1
7 1767 1764 1757 1749 1803 1886 1780 1165 1
8 1772 1770 1762 1754 1812 1887 1786 1167 1
9 1776 1787 1781 1768 1813 1885 1772 1200 -1
10 1784 1796 1785 1774 1824 1895 1778 1191 -1
11 1777 1792 1786 1776 1821 1895 1790 1220 -1
12 1769 1785 1778 1769 1817 1887 1773 1165 -1
13 1806 1814 1806 1797 1847 1918 1808 1169 -1
14 1802 1814 1806 1796 1844 1919 1817 1150 -1